1 0 0 0 0 1 1 3 1 0 0 6 0 0 2 4 2.83226 6
2 0 0 0 0 1 1 3 1 0 0 4 0 0 3 4 2.82085 6
3 0 0 0 0 1 1 3 1 0 0 5 0 0 3 4 2.81921 5
4 0 0 0 0 1 1 3 0 0 0 3 0 0 2 6 2.81921 5
5 1 4 0 0 2 2 3 1 0 0 5 0 0 2 4 2.70928 5
6 1 4 0 0 2 2 3 1 0 0 4 0 0 3 4 2.66283 5
7 1 4 0 0 2 2 3 1 0 0 5 0 0 3 4 2.65544 4
8 1 8 0 0 2 2 3 0 0 0 3 0 0 2 6 2.65544 4
9 1 8 0 0 2 2 3 1 0 0 5 0 0 3 4 2.64575 5
10 1 4 0 0 2 2 3 1 0 0 6 0 0 3 4 2.61803 4
11 1 4 0 0 2 2 3 1 0 0 4 0 0 4 4 2.56155 4
12 1 4 0 0 2 2 3 1 0 0 4 0 0 4 4 2.55288 4
13 1 8 0 0 2 2 3 0 0 0 3 0 0 3 6 2.54711 4
14 1 4 0 0 2 2 3 1 0 0 5 0 0 4 4 2.52258 4
15 1 8 0 0 2 2 3 1 0 0 7 0 0 3 4 2.51414 4
16 1 4 0 0 2 2 3 1 0 0 5 0 0 4 4 2.51414 4
17 1 8 0 0 2 2 3 0 0 0 4 0 0 3 6 2.50999 4
18 1 8 0 0 2 2 3 0 0 0 4 0 0 3 6 2.51997 4
19 1 8 0 0 2 2 3 1 0 0 3 0 0 2 8 2.51414 4
20 1 4 0 0 2 2 3 1 0 0 5 0 0 4 4 2.51414 4
21 1 4 0 0 2 2 3 0 0 0 3 0 0 2 8 2.51414 4
22 1 8 0 0 2 2 3 0 0 0 3 0 0 2 8 2.50878 4
23 1 4 0 0 2 2 3 1 0 0 3 0 0 4 4 2.58874 5
24 1 4 0 0 2 2 3 1 0 0 4 0 0 4 4 2.57577 4
25 1 8 0 0 2 2 3 0 0 0 2 0 0 3 6 2.57577 4
26 1 4 0 0 2 2 3 1 0 0 5 0 0 4 4 2.56155 4
27 1 8 0 0 2 2 3 0 0 0 3 0 0 3 6 2.56155 4
28 1 3 1 0 3 3 3 1 0 0 3 0 0 5 4 2.39309 4
29 1 3 1 0 3 3 3 1 0 0 3 0 0 5 4 2.38767 4
30 1 3 1 0 3 3 3 1 0 0 3 0 0 5 4 2.37167 4
31 1 6 0 0 3 3 3 0 0 0 2 0 0 4 6 2.36013 4
32 1 3 1 0 3 3 3 1 0 0 3 0 0 5 4 2.34292 4
33 1 6 0 0 3 3 3 0 0 0 2 0 0 4 6 2.33583 4
34 1 6 0 0 3 3 3 0 0 0 3 0 0 4 6 2.28547 4
35 1 6 0 0 3 3 3 0 0 0 3 0 0 4 6 2.30831 4
36 1 6 0 0 3 3 3 1 0 0 2 0 0 3 8 2.27929 4
37 1 3 1 0 3 3 3 1 0 0 4 0 0 5 4 2.27346 4
38 1 5 1 0 3 3 3 0 0 0 2 0 0 3 8 2.27346 4
39 1 3 1 0 3 3 3 1 0 0 4 0 0 5 4 2.2706 4
40 1 5 1 0 3 3 3 0 0 0 2 0 0 3 8 2.26711 4
41 1 6 0 0 3 3 3 0 0 0 3 0 0 4 6 2.26435 3
42 1 12 0 0 3 3 3 0 0 0 2 0 0 3 6 2.23607 3
43 1 12 0 0 3 3 3 0 0 0 2 0 0 3 6 2.27244 3
44 1 6 0 0 3 3 3 1 0 0 3 0 0 3 8 2.23607 4
45 1 5 1 0 3 3 3 0 0 0 3 0 0 3 8 2.19548 4
46 1 6 0 0 3 3 3 1 0 0 3 0 0 3 8 2.17009 4
47 1 5 1 0 3 3 3 1 0 0 2 0 0 2 10 2.12269 4
48 1 7 1 0 3 3 3 0 0 0 2 0 0 2 10 2.12269 3
49 1 8 0 0 3 3 3 0 0 0 2 0 0 2 10 2.12017 3
50 1 6 0 0 3 3 3 0 0 0 3 0 0 4 6 2.22402 4
51 1 7 1 0 3 3 3 0 0 0 2 0 0 2 10 2.09072 4
52 1 6 0 0 3 3 3 0 0 0 4 0 0 4 6 2.11491 3
53 1 5 1 0 3 3 3 0 0 0 3 0 0 3 8 2.1326 3
54 1 6 0 0 3 3 3 0 0 0 2 0 0 2 10 2.08136 3
55 1 6 0 0 3 3 3 0 0 0 2 0 0 2 10 2.06465 3
56 1 5 1 0 3 3 3 0 0 0 3 0 0 3 8 2.08209 3
57 1 7 1 0 3 3 3 0 0 0 2 0 0 2 10 2.05454 3
58 1 6 0 0 3 3 3 1 0 0 3 0 0 3 8 2.06644 4
59 1 3 1 0 3 3 3 1 0 0 5 0 0 5 4 2 3
60 1 5 1 0 3 3 3 0 0 0 3 0 0 3 8 2 3
61 1 6 0 0 3 3 3 0 0 0 2 0 0 2 10 2 3
62 1 6 0 0 3 3 3 0 0 0 4 0 0 4 6 2 3
63 0 0 0 0 3 3 3 0 0 0 2 0 0 2 10 2 3
64 1 16 0 0 3 3 4 0 1 0 1 0 0 2 6 2.56155 4
65 1 12 0 0 3 3 4 0 0 0 1 0 0 3 6 2.3234 3
66 1 12 0 0 3 3 4 0 1 0 1 0 0 2 8 2.23607 4
67 1 10 0 0 3 3 4 0 0 0 1 0 0 2 8 2.22402 3
68 1 7 1 0 3 4 4 1 0 0 1 1 0 1 12 2 3
69 1 9 1 0 3 4 4 0 0 0 1 1 0 1 12 2 3
70 1 8 0 0 3 4 4 0 0 0 1 1 0 1 12 1.96728 3
71 1 8 0 0 3 4 4 1 1 0 1 1 0 1 12 2 4
72 1 7 1 0 3 4 4 0 0 0 1 1 0 1 12 2 3
73 1 9 1 0 3 4 4 0 0 0 1 1 0 1 12 2 3
74 1 12 0 0 3 4 4 0 1 0 1 1 0 1 12 2 4
75 1 7 1 0 3 4 4 0 0 0 1 1 0 1 12 1.96531 3
76 1 6 1 0 3 4 4 0 0 0 1 1 0 1 12 2 3
77 1 9 1 0 3 4 4 0 0 0 1 1 0 1 12 1.93381 3
78 1 10 0 0 3 4 4 0 0 0 1 1 0 1 12 1.90321 3
79 1 9 1 0 3 4 4 0 0 0 1 1 0 1 12 1.81638 3
80 1 6 0 0 3 4 4 0 0 0 1 1 0 1 12 1.81361 3
81 1 4 1 0 3 4 4 0 0 0 1 1 0 1 12 1.73205 3
82 1 6 0 0 3 4 4 0 0 0 1 1 0 1 12 1.73205 3
83 1 12 0 0 3 4 4 0 1 0 1 1 0 1 12 1.73205 3
84 1 8 0 0 3 5 5 0 0 0 1 1 0 1 12 1.56155 3
85 1 9 1 0 3 5 5 0 0 0 1 1 0 1 12 1.53209 3