 1  2
 1  3
 1  4
 2  3
 2  4
 3  5
 4  6
 5  6
 5  7
 6  8
 7  9
 7 10
 8  9
 8 10
 9 10
 
 1  2
 1  3
 1  4
 2  3
 2  4
 3  5
 4  6
 5  7
 5  8
 6  7
 6  9
 7 10
 8  9
 8 10
 9 10
 
 1  2
 1  3
 1  4
 2  3
 2  4
 3  5
 4  6
 5  7
 5  8
 6  9
 6 10
 7  8
 7  9
 8 10
 9 10
 
 1  2
 1  3
 1  4
 2  3
 2  4
 3  5
 4  6
 5  7
 5  8
 6  9
 6 10
 7  9
 7 10
 8  9
 8 10
 
 1  2
 1  3
 1  4
 2  3
 2  5
 3  6
 4  5
 4  7
 5  8
 6  7
 6  9
 7 10
 8  9
 8 10
 9 10
 
 1  2
 1  3
 1  4
 2  3
 2  5
 3  6
 4  5
 4  7
 5  8
 6  9
 6 10
 7  8
 7  9
 8 10
 9 10
 
 1  2
 1  3
 1  4
 2  3
 2  5
 3  6
 4  5
 4  7
 5  8
 6  9
 6 10
 7  9
 7 10
 8  9
 8 10
 
 1  2
 1  3
 1  4
 2  3
 2  5
 3  6
 4  7
 4  8
 5  7
 5  8
 6  9
 6 10
 7  9
 8 10
 9 10
 
 1  2
 1  3
 1  4
 2  3
 2  5
 3  6
 4  7
 4  8
 5  7
 5  9
 6  7
 6 10
 8  9
 8 10
 9 10
 
 1  2
 1  3
 1  4
 2  3
 2  5
 3  6
 4  7
 4  8
 5  7
 5  9
 6  8
 6  9
 7 10
 8 10
 9 10
 
 1  2
 1  3
 1  4
 2  3
 2  5
 3  6
 4  7
 4  8
 5  7
 5  9
 6  8
 6 10
 7  9
 8 10
 9 10
 
 1  2
 1  3
 1  4
 2  3
 2  5
 3  6
 4  7
 4  8
 5  7
 5  9
 6  8
 6 10
 7 10
 8  9
 9 10
 
 1  2
 1  3
 1  4
 2  5
 2  6
 3  5
 3  6
 4  7
 4  8
 5  9
 6 10
 7  9
 7 10
 8  9
 8 10
 
 1  2
 1  3
 1  4
 2  5
 2  6
 3  5
 3  7
 4  6
 4  8
 5  9
 6 10
 7  8
 7  9
 8 10
 9 10
 
 1  2
 1  3
 1  4
 2  5
 2  6
 3  5
 3  7
 4  6
 4  8
 5  9
 6 10
 7  8
 7 10
 8  9
 9 10
 
 1  2
 1  3
 1  4
 2  5
 2  6
 3  5
 3  7
 4  6
 4  8
 5  9
 6 10
 7  9
 7 10
 8  9
 8 10
 
 1  2
 1  3
 1  4
 2  5
 2  6
 3  5
 3  7
 4  8
 4  9
 5  8
 6  9
 6 10
 7  9
 7 10
 8 10
 
 
 
