1 0 0 0 0 1 1 3 1 0 0 5 0 0 2 4 2.77846 5
2 1 4 0 0 2 2 3 1 0 0 5 0 0 2 4 2.56155 4
3 1 4 0 0 2 2 3 1 0 0 4 0 0 3 4 2.43812 4
4 1 4 0 0 2 2 3 1 0 0 5 0 0 3 4 2.41421 3
5 1 8 0 0 2 2 3 0 0 0 3 0 0 2 6 2.41421 3
6 1 3 1 0 3 3 3 1 0 0 3 0 0 4 4 2.14665 3
7 1 3 1 0 3 3 3 1 0 0 3 0 0 4 4 2.11491 3
8 1 6 0 0 3 3 3 0 0 0 2 0 0 3 6 2.07765 3
9 1 6 0 0 3 3 3 0 0 0 3 0 0 3 6 1.93543 3
10 1 6 0 0 3 3 3 0 0 0 3 0 0 3 6 2 3
11 1 6 0 0 3 3 3 1 0 0 2 0 0 2 8 1.90321 3
12 1 3 1 0 3 3 3 1 0 0 4 0 0 4 4 1.87939 3
13 1 5 1 0 3 3 3 0 0 0 2 0 0 2 8 1.87939 3
14 1 8 0 0 3 3 4 0 1 0 1 0 0 2 6 2 3
15 1 5 1 0 3 4 4 1 0 0 1 1 0 1 10 1.61803 3
16 1 7 1 0 3 4 4 0 0 0 1 1 0 1 10 1.61803 3
17 1 8 0 0 3 4 4 0 1 0 1 1 0 1 10 1.61803 3
18 1 6 0 0 3 4 4 0 0 0 1 1 0 1 10 1.56155 3
19 0 0 0 1 3 5 5 0 0 1 1 1 1 1 10 1 2
