1 0 0 1 1 3 1 0 0 7 0 0 2 4
2 0 0 1 1 3 1 0 0 6 0 0 2 4
3 0 0 1 1 3 1 0 0 5 0 0 3 4
4 0 0 1 1 3 1 0 0 6 0 0 3 4
5 0 0 1 1 3 0 0 0 4 0 0 2 6
6 0 0 1 1 3 1 0 0 5 0 0 3 4
7 0 0 1 1 3 1 0 0 6 0 0 3 4
8 0 0 1 1 3 1 0 0 4 0 0 4 4
9 0 0 1 1 3 1 0 0 4 0 0 4 4
10 0 0 1 1 3 0 0 0 3 0 0 3 6
11 0 0 1 1 3 1 0 0 5 0 0 4 4
12 0 0 1 1 3 1 0 0 7 0 0 3 4
13 0 0 1 1 3 1 0 0 5 0 0 4 4
14 0 0 1 1 3 0 0 0 4 0 0 3 6
15 0 0 1 1 3 0 0 0 4 0 0 3 6
16 0 0 1 1 3 1 0 0 3 0 0 2 8
17 0 0 1 1 3 1 0 0 5 0 0 4 4
18 0 0 1 1 3 0 0 0 3 0 0 2 8
19 0 0 1 1 3 0 0 0 3 0 0 2 8
20 0 0 1 1 3 1 0 0 7 0 0 2 4
21 0 0 1 1 3 1 0 0 5 0 0 3 4
22 0 0 1 1 3 1 0 0 6 0 0 3 4
23 0 0 1 1 3 0 0 0 4 0 0 2 6
24 1 4 2 2 3 1 0 0 5 0 0 2 4
25 1 4 2 2 3 1 0 0 4 0 0 3 4
26 1 4 2 2 3 1 0 0 5 0 0 3 4
27 1 8 2 2 3 0 0 0 3 0 0 2 6
28 1 8 2 2 3 1 0 0 5 0 0 3 4
29 1 4 2 2 3 1 0 0 6 0 0 3 4
30 1 4 2 2 3 1 0 0 4 0 0 4 4
31 1 4 2 2 3 1 0 0 4 0 0 4 4
32 1 8 2 2 3 0 0 0 3 0 0 3 6
33 1 4 2 2 3 1 0 0 5 0 0 4 4
34 1 8 2 2 3 1 0 0 7 0 0 3 4
35 1 4 2 2 3 1 0 0 5 0 0 4 4
36 1 8 2 2 3 0 0 0 4 0 0 3 6
37 1 8 2 2 3 0 0 0 4 0 0 3 6
38 1 8 2 2 3 1 0 0 3 0 0 2 8
39 1 4 2 2 3 1 0 0 5 0 0 4 4
40 1 4 2 2 3 0 0 0 3 0 0 2 8
41 1 8 2 2 3 0 0 0 3 0 0 2 8
42 1 8 2 2 3 1 0 0 4 0 0 4 4
43 1 8 2 2 3 1 0 0 5 0 0 4 4
44 1 16 2 2 3 0 0 0 3 0 0 3 6
45 1 4 2 2 3 1 0 0 5 0 0 4 4
46 1 4 2 2 3 1 0 0 6 0 0 4 4
47 1 8 2 2 3 0 0 0 4 0 0 3 6
48 1 4 2 2 3 1 0 0 5 0 0 4 4
49 1 8 2 2 3 1 0 0 6 0 0 4 4
50 1 4 2 2 3 1 0 0 4 0 0 5 4
51 1 4 2 2 3 1 0 0 4 0 0 5 4
52 1 8 2 2 3 0 0 0 3 0 0 4 6
53 1 8 2 2 3 1 0 0 5 0 0 4 4
54 1 4 2 2 3 1 0 0 4 0 0 5 4
55 1 4 2 2 3 1 0 0 6 0 0 4 4
56 1 4 2 2 3 1 0 0 4 0 0 5 4
57 1 8 2 2 3 0 0 0 3 0 0 4 6
58 1 4 2 2 3 1 0 0 4 0 0 5 4
59 1 8 2 2 3 0 0 0 4 0 0 4 6
60 1 8 2 2 3 0 0 0 4 0 0 4 6
61 1 8 2 2 3 1 0 0 3 0 0 3 8
62 1 4 2 2 3 1 0 0 5 0 0 5 4
63 1 8 2 2 3 0 0 0 3 0 0 3 8
64 1 8 2 2 3 0 0 0 4 0 0 4 6
65 1 4 2 2 3 1 0 0 5 0 0 5 4
66 1 4 2 2 3 0 0 0 3 0 0 3 8
67 1 4 2 2 3 1 0 0 7 0 0 4 4
68 1 4 2 2 3 1 0 0 5 0 0 5 4
69 1 4 2 2 3 1 0 0 5 0 0 5 4
70 1 4 2 2 3 1 0 0 5 0 0 5 4
71 1 8 2 2 3 0 0 0 4 0 0 4 6
72 1 8 2 2 3 1 0 0 7 0 0 4 4
73 1 16 2 2 3 0 0 0 5 0 0 3 6
74 1 8 2 2 3 1 0 0 6 0 0 4 4
75 1 4 2 2 3 1 0 0 6 0 0 5 4
76 1 4 2 2 3 1 0 0 5 0 0 5 4
77 1 8 2 2 3 0 0 0 5 0 0 4 6
78 1 8 2 2 3 0 0 0 5 0 0 4 6
79 1 8 2 2 3 0 0 0 5 0 0 4 6
80 1 8 2 2 3 1 0 0 4 0 0 3 8
81 1 4 2 2 3 1 0 0 6 0 0 5 4
82 1 4 2 2 3 0 0 0 4 0 0 3 8
83 1 4 2 2 3 1 0 0 5 0 0 5 4
84 1 8 2 2 3 0 0 0 4 0 0 3 8
85 1 8 2 2 3 0 0 0 4 0 0 4 6
86 1 12 2 2 3 0 0 0 5 0 0 3 6
87 1 8 2 2 3 0 0 0 4 0 0 4 6
88 1 8 2 2 3 0 0 0 5 0 0 3 6
89 1 8 2 2 3 0 0 0 4 0 0 4 6
90 1 16 2 2 3 0 0 0 3 0 0 3 6
91 1 8 2 2 3 1 0 0 4 0 0 3 8
92 1 4 2 2 3 1 0 0 5 0 0 5 4
93 1 4 2 2 3 0 0 0 4 0 0 3 8
94 1 4 2 2 3 1 0 0 3 0 0 2 10
95 1 12 2 2 3 0 0 0 3 0 0 2 10
96 1 8 2 2 3 0 0 0 3 0 0 2 10
97 1 4 2 2 3 1 0 0 6 0 0 4 4
98 1 8 2 2 3 0 0 0 4 0 0 3 8
99 1 8 2 2 3 0 0 0 4 0 0 3 8
100 1 8 2 2 3 1 0 0 3 0 0 2 10
101 1 8 2 2 3 1 0 0 4 0 0 3 8
102 1 8 2 2 3 0 0 0 3 0 0 2 10
103 1 4 2 2 3 1 0 0 5 0 0 5 4
104 1 12 2 2 3 0 0 0 3 0 0 2 10
105 1 8 2 2 3 0 0 0 4 0 0 4 6
106 1 4 2 2 3 1 0 0 5 0 0 5 4
107 1 8 2 2 3 0 0 0 3 0 0 2 10
108 1 8 2 2 3 0 0 0 3 0 0 2 10
109 1 8 2 2 3 0 0 0 5 0 0 4 6
110 1 4 2 2 3 0 0 0 4 0 0 3 8
111 1 8 2 2 3 0 0 0 3 0 0 2 10
112 1 8 2 2 3 0 0 0 3 0 0 2 10
113 1 8 2 2 3 0 0 0 4 0 0 4 6
114 1 16 2 2 3 0 0 0 3 0 0 3 6
115 1 8 2 2 3 0 0 0 4 0 0 3 8
116 1 8 2 2 3 0 0 0 3 0 0 2 10
117 1 12 2 2 3 0 0 0 3 0 0 2 10
118 1 4 2 2 3 1 0 0 5 0 0 5 4
119 1 8 2 2 3 0 0 0 3 0 0 2 10
120 0 0 2 2 3 1 0 0 7 0 0 3 4
121 1 8 2 2 3 0 0 0 3 0 0 2 10
122 1 8 2 2 3 0 0 0 5 0 0 4 6
123 0 0 2 2 3 0 0 0 3 0 0 2 10
124 0 0 1 1 3 1 0 0 3 0 0 4 4
125 0 0 1 1 3 1 0 0 4 0 0 4 4
126 0 0 1 1 3 0 0 0 2 0 0 3 6
127 1 4 2 2 3 1 0 0 3 0 0 4 4
128 1 4 2 2 3 1 0 0 4 0 0 4 4
129 1 8 2 2 3 0 0 0 2 0 0 3 6
130 1 4 2 2 3 1 0 0 3 0 0 5 4
131 1 4 2 2 3 1 0 0 3 0 0 5 4
132 1 8 2 2 3 0 0 0 2 0 0 4 6
133 1 4 2 2 3 1 0 0 4 0 0 5 4
134 1 4 2 2 3 1 0 0 4 0 0 5 4
135 1 8 2 2 3 0 0 0 3 0 0 4 6
136 1 8 2 2 3 0 0 0 3 0 0 4 6
137 1 8 2 2 3 1 0 0 2 0 0 3 8
138 1 4 2 2 3 1 0 0 4 0 0 5 4
139 1 4 2 2 3 0 0 0 2 0 0 3 8
140 1 8 2 2 3 0 0 0 2 0 0 3 8
141 0 0 1 1 3 1 0 0 5 0 0 4 4
142 0 0 1 1 3 0 0 0 3 0 0 3 6
143 1 4 2 2 3 1 0 0 5 0 0 4 4
144 1 8 2 2 3 0 0 0 3 0 0 3 6
145 1 4 2 2 3 1 0 0 5 0 0 5 4
146 1 4 2 2 3 1 0 0 5 0 0 5 4
147 1 8 2 2 3 0 0 0 4 0 0 4 6
148 1 4 2 2 3 1 0 0 4 0 0 5 4
149 1 4 2 2 3 1 0 0 4 0 0 5 4
150 1 8 2 2 3 0 0 0 3 0 0 4 6
151 1 8 2 2 3 0 0 0 4 0 0 4 6
152 1 8 2 2 3 1 0 0 3 0 0 3 8
153 1 8 2 2 3 0 0 0 3 0 0 3 8
154 1 4 2 2 3 1 0 0 5 0 0 5 4
155 1 4 2 2 3 0 0 0 3 0 0 3 8
156 1 8 2 2 3 0 0 0 2 0 0 4 6
157 1 8 2 2 3 0 0 0 2 0 0 4 6
158 1 8 2 2 3 0 0 0 3 0 0 4 6
159 1 3 3 3 3 1 0 0 3 0 0 6 4
160 1 3 3 3 3 1 0 0 3 0 0 6 4
161 1 3 3 3 3 1 0 0 3 0 0 6 4
162 1 6 3 3 3 0 0 0 2 0 0 5 6
163 1 3 3 3 3 1 0 0 3 0 0 6 4
164 1 6 3 3 3 0 0 0 2 0 0 5 6
165 1 3 3 3 3 1 0 0 3 0 0 6 4
166 1 3 3 3 3 1 0 0 3 0 0 6 4
167 1 3 3 3 3 1 0 0 3 0 0 6 4
168 1 3 3 3 3 1 0 0 3 0 0 6 4
169 1 6 3 3 3 0 0 0 2 0 0 5 6
170 1 6 3 3 3 0 0 0 3 0 0 5 6
171 1 6 3 3 3 0 0 0 3 0 0 5 6
172 1 6 3 3 3 1 0 0 2 0 0 4 8
173 1 3 3 3 3 1 0 0 4 0 0 6 4
174 1 5 3 3 3 0 0 0 2 0 0 4 8
175 1 3 3 3 3 1 0 0 4 0 0 6 4
176 1 5 3 3 3 0 0 0 2 0 0 4 8
177 1 6 3 3 3 0 0 0 3 0 0 5 6
178 1 3 3 3 3 1 0 0 4 0 0 6 4
179 1 5 3 3 3 0 0 0 2 0 0 4 8
180 1 6 3 3 3 0 0 0 3 0 0 5 6
181 1 3 3 3 3 1 0 0 3 0 0 6 4
182 1 6 3 3 3 0 0 0 2 0 0 5 6
183 1 8 2 2 3 0 0 0 3 0 0 4 6
184 1 3 3 3 3 1 0 0 4 0 0 6 4
185 1 3 3 3 3 1 0 0 3 0 0 6 4
186 1 6 3 3 3 0 0 0 3 0 0 5 6
187 1 6 3 3 3 0 0 0 3 0 0 5 6
188 1 6 3 3 3 0 0 0 3 0 0 5 6
189 1 6 3 3 3 1 0 0 2 0 0 4 8
190 1 3 3 3 3 1 0 0 4 0 0 6 4
191 1 5 3 3 3 0 0 0 2 0 0 4 8
192 1 5 3 3 3 0 0 0 2 0 0 4 8
193 1 6 3 3 3 0 0 0 2 0 0 5 6
194 1 6 3 3 3 0 0 0 3 0 0 5 6
195 1 6 3 3 3 0 0 0 3 0 0 5 6
196 1 12 3 3 3 0 0 0 2 0 0 4 6
197 1 6 3 3 3 0 0 0 3 0 0 5 6
198 1 6 3 3 3 0 0 0 3 0 0 5 6
199 1 12 3 3 3 0 0 0 2 0 0 4 6
200 1 6 3 3 3 1 0 0 3 0 0 4 8
201 1 3 3 3 3 1 0 0 4 0 0 6 4
202 1 5 3 3 3 0 0 0 3 0 0 4 8
203 1 6 3 3 3 1 0 0 3 0 0 4 8
204 1 5 3 3 3 1 0 0 2 0 0 3 10
205 1 7 3 3 3 0 0 0 2 0 0 3 10
206 1 8 3 3 3 0 0 0 2 0 0 3 10
207 1 3 3 3 3 1 0 0 4 0 0 6 4
208 1 5 3 3 3 0 0 0 3 0 0 4 8
209 1 5 3 3 3 0 0 0 3 0 0 4 8
210 1 5 3 3 3 1 0 0 2 0 0 3 10
211 1 6 3 3 3 1 0 0 3 0 0 4 8
212 1 7 3 3 3 0 0 0 2 0 0 3 10
213 1 3 3 3 3 1 0 0 4 0 0 6 4
214 1 8 3 3 3 0 0 0 2 0 0 3 10
215 1 6 3 3 3 0 0 0 3 0 0 5 6
216 1 6 3 3 3 0 0 0 3 0 0 5 6
217 1 3 3 3 3 1 0 0 4 0 0 6 4
218 1 3 3 3 3 1 0 0 4 0 0 6 4
219 1 7 3 3 3 0 0 0 2 0 0 3 10
220 1 7 3 3 3 0 0 0 2 0 0 3 10
221 1 6 3 3 3 0 0 0 4 0 0 5 6
222 1 5 3 3 3 0 0 0 3 0 0 4 8
223 1 5 3 3 3 0 0 0 3 0 0 4 8
224 1 6 3 3 3 0 0 0 2 0 0 3 10
225 1 6 3 3 3 0 0 0 2 0 0 3 10
226 1 5 3 3 3 0 0 0 3 0 0 4 8
227 1 5 3 3 3 0 0 0 3 0 0 4 8
228 1 7 3 3 3 0 0 0 2 0 0 3 10
229 1 7 3 3 3 0 0 0 2 0 0 3 10
230 1 6 3 3 3 1 0 0 3 0 0 4 8
231 1 6 3 3 3 0 0 0 3 0 0 5 6
232 1 12 3 3 3 0 0 0 2 0 0 4 6
233 1 6 3 3 3 0 0 0 4 0 0 5 6
234 1 6 3 3 3 1 0 0 3 0 0 4 8
235 1 3 3 3 3 1 0 0 4 0 0 6 4
236 1 5 3 3 3 0 0 0 3 0 0 4 8
237 1 5 3 3 3 0 0 0 3 0 0 4 8
238 1 6 3 3 3 0 0 0 2 0 0 3 10
239 1 7 3 3 3 0 0 0 2 0 0 3 10
240 1 7 3 3 3 0 0 0 2 0 0 3 10
241 1 6 3 3 3 0 0 0 3 0 0 5 6
242 1 6 3 3 3 0 0 0 2 0 0 3 10
243 1 6 3 3 3 0 0 0 4 0 0 5 6
244 1 3 3 3 3 1 0 0 5 0 0 6 4
245 1 5 3 3 3 0 0 0 3 0 0 4 8
246 1 5 3 3 3 0 0 0 3 0 0 4 8
247 1 6 3 3 3 0 0 0 2 0 0 3 10
248 1 6 3 3 3 0 0 0 2 0 0 3 10
249 1 6 3 3 3 0 0 0 4 0 0 5 6
250 1 6 3 3 3 0 0 0 4 0 0 5 6
251 0 0 3 3 3 0 0 0 2 0 0 3 10
252 1 16 2 2 3 0 0 0 2 0 0 3 6
253 1 12 3 3 3 0 0 0 2 0 0 4 6
254 1 16 2 2 3 0 0 0 2 0 0 3 6
255 1 6 3 3 3 0 0 0 4 0 0 5 6
256 1 12 3 3 3 0 0 0 3 0 0 4 6
257 1 12 3 3 3 0 0 0 3 0 0 4 6
258 1 12 3 3 3 0 0 0 3 0 0 4 6
259 1 12 3 3 3 0 0 0 2 0 0 3 8
260 1 6 3 3 3 0 0 0 4 0 0 5 6
261 1 10 3 3 3 0 0 0 2 0 0 3 8
262 1 10 3 3 3 0 0 0 2 0 0 3 8
263 1 12 3 3 3 0 0 0 2 0 0 4 6
264 1 12 3 3 3 0 0 0 2 0 0 4 6
265 1 12 3 3 3 0 0 0 3 0 0 4 6
266 1 12 3 3 3 0 0 0 2 0 0 3 8
267 1 6 3 3 3 0 0 0 4 0 0 5 6
268 1 10 3 3 3 0 0 0 2 0 0 3 8
269 1 12 3 3 3 0 0 0 2 0 0 3 8
270 1 8 2 2 3 0 0 0 3 0 0 4 6
271 1 6 3 3 3 0 0 0 3 0 0 5 6
272 1 10 3 3 3 0 0 0 2 0 0 3 8
273 1 12 3 3 3 0 0 0 2 0 0 3 8
274 1 5 3 3 3 1 0 0 3 0 0 3 10
275 1 7 3 3 3 0 0 0 3 0 0 3 10
276 1 6 3 3 3 1 0 0 4 0 0 4 8
277 1 7 3 3 3 1 0 0 2 0 0 2 12
278 1 9 3 3 3 0 0 0 2 0 0 2 12
279 1 8 3 3 3 0 0 0 2 0 0 2 12
280 1 8 3 3 3 0 0 0 3 0 0 3 10
281 1 8 3 3 3 0 0 0 3 0 0 3 10
282 1 8 3 3 3 1 0 0 2 0 0 2 12
283 1 7 3 3 3 0 0 0 2 0 0 2 12
284 1 5 3 3 3 1 0 0 3 0 0 3 10
285 1 9 3 3 3 0 0 0 2 0 0 2 12
286 1 12 3 3 3 0 0 0 2 0 0 2 12
287 1 9 3 3 3 0 0 0 2 0 0 2 12
288 1 5 3 3 3 0 0 0 4 0 0 4 8
289 1 7 3 3 3 0 0 0 3 0 0 3 10
290 1 7 3 3 3 0 0 0 2 0 0 2 12
291 1 8 3 3 3 0 0 0 2 0 0 2 12
292 1 6 3 3 3 0 0 0 3 0 0 5 6
293 1 3 3 3 3 1 0 0 5 0 0 6 4
294 1 3 3 3 3 1 0 0 5 0 0 6 4
295 1 5 3 3 3 0 0 0 3 0 0 4 8
296 1 6 3 3 3 1 0 0 3 0 0 4 8
297 1 5 3 3 3 0 0 0 3 0 0 4 8
298 1 6 3 3 3 0 0 0 2 0 0 2 12
299 1 9 3 3 3 0 0 0 2 0 0 2 12
300 1 10 3 3 3 0 0 0 2 0 0 3 8
301 1 6 3 3 3 0 0 0 3 0 0 3 10
302 1 8 3 3 3 0 0 0 2 0 0 2 12
303 1 9 3 3 3 0 0 0 2 0 0 2 12
304 1 7 3 3 3 0 0 0 3 0 0 3 10
305 1 6 3 3 3 0 0 0 3 0 0 3 10
306 1 5 3 3 3 0 0 0 4 0 0 4 8
307 1 7 3 3 3 0 0 0 2 0 0 2 12
308 1 12 3 3 3 0 0 0 3 0 0 4 6
309 1 10 3 3 3 0 0 0 2 0 0 2 12
310 1 6 3 3 3 0 0 0 3 0 0 3 10
311 1 9 3 3 3 0 0 0 2 0 0 2 12
312 1 7 3 3 3 0 0 0 3 0 0 3 10
313 1 6 3 3 3 0 0 0 3 0 0 3 10
314 1 5 3 3 3 0 0 0 4 0 0 4 8
315 1 7 3 3 3 0 0 0 3 0 0 3 10
316 1 9 3 3 3 0 0 0 2 0 0 2 12
317 1 8 3 3 3 0 0 0 2 0 0 2 12
318 1 7 3 3 3 0 0 0 2 0 0 2 12
319 1 10 3 3 3 0 0 0 2 0 0 3 8
320 1 12 3 3 3 0 0 0 3 0 0 4 6
321 1 7 3 3 3 0 0 0 3 0 0 3 10
322 1 6 3 3 3 0 0 0 3 0 0 3 10
323 1 10 3 3 3 0 0 0 2 0 0 2 12
324 1 9 3 3 3 0 0 0 2 0 0 2 12
325 1 7 3 3 3 0 0 0 3 0 0 3 10
326 1 9 3 3 3 0 0 0 2 0 0 2 12
327 1 7 3 3 3 0 0 0 3 0 0 3 10
328 1 10 3 3 3 0 0 0 2 0 0 2 12
329 1 8 3 3 3 0 0 0 2 0 0 2 12
330 1 5 3 3 3 1 0 0 3 0 0 3 10
331 1 7 3 3 3 1 0 0 2 0 0 2 12
332 1 6 3 3 3 1 0 0 4 0 0 4 8
333 1 9 3 3 3 0 0 0 2 0 0 2 12
334 1 6 3 3 3 0 0 0 3 0 0 3 10
335 1 9 3 3 3 0 0 0 2 0 0 2 12
336 1 6 3 3 3 0 0 0 2 0 0 2 12
337 1 9 3 3 3 0 0 0 2 0 0 2 12
338 1 6 3 3 3 0 0 0 2 0 0 2 12
339 1 6 3 3 3 0 0 0 2 0 0 2 12
340 1 7 3 3 3 0 0 0 3 0 0 3 10
341 1 6 3 3 3 1 0 0 4 0 0 4 8
342 1 4 3 3 3 0 0 0 2 0 0 2 12
343 1 8 3 3 3 0 0 0 3 0 0 3 10
344 1 9 3 3 3 0 0 0 2 0 0 2 12
345 1 7 3 3 3 0 0 0 2 0 0 2 12
346 1 5 3 3 3 1 0 0 3 0 0 3 10
347 1 8 3 3 3 0 0 0 3 0 0 3 10
348 1 7 3 3 3 0 0 0 2 0 0 2 12
349 1 8 3 3 3 0 0 0 2 0 0 2 12
350 1 7 3 3 3 0 0 0 3 0 0 3 10
351 1 6 3 3 3 0 0 0 3 0 0 3 10
352 1 9 3 3 3 0 0 0 2 0 0 2 12
353 1 5 3 3 3 0 0 0 4 0 0 4 8
354 1 6 3 3 3 0 0 0 2 0 0 2 12
355 1 9 3 3 3 0 0 0 2 0 0 2 12
356 1 12 3 3 3 0 0 0 2 0 0 3 8
357 1 5 3 3 3 0 0 0 4 0 0 4 8
358 1 12 3 3 3 0 0 0 2 0 0 2 12
359 1 6 3 3 3 0 0 0 3 0 0 3 10
360 1 12 3 3 3 0 0 0 2 0 0 2 12
361 1 5 3 3 3 1 0 0 3 0 0 3 10
362 1 7 3 3 3 0 0 0 3 0 0 3 10
363 1 8 3 3 3 0 0 0 3 0 0 3 10
364 1 6 3 3 3 0 0 0 4 0 0 5 6
365 1 7 3 3 3 0 0 0 3 0 0 3 10
366 1 6 3 3 3 0 0 0 3 0 0 3 10
367 1 6 3 3 3 0 0 0 5 0 0 5 6
368 1 7 3 3 3 0 0 0 3 0 0 3 10
369 1 7 3 3 3 0 0 0 3 0 0 3 10
370 1 6 3 3 3 0 0 0 5 0 0 5 6
371 1 6 3 3 3 0 0 0 3 0 0 3 10
372 0 0 3 3 3 0 0 0 3 0 0 3 10
373 1 10 3 3 3 0 0 0 2 0 0 3 8
374 1 12 3 3 3 0 0 0 2 0 0 4 6
375 1 6 3 3 3 0 0 0 2 0 0 2 12
376 1 8 3 3 3 0 0 0 2 0 0 2 12
377 1 9 3 3 3 0 0 0 2 0 0 2 12
378 1 9 3 3 3 0 0 0 2 0 0 2 12
379 1 7 3 3 3 0 0 0 2 0 0 2 12
380 1 6 3 3 3 0 0 0 2 0 0 2 12
381 1 6 3 3 3 0 0 0 2 0 0 2 12
382 1 8 3 3 3 0 0 0 2 0 0 2 12
383 1 6 3 3 3 0 0 0 3 0 0 3 10
384 1 4 3 3 3 0 0 0 2 0 0 2 12
385 1 6 3 3 3 0 0 0 2 0 0 2 12
386 1 4 3 3 3 0 0 0 2 0 0 2 12
387 1 6 3 3 3 0 0 0 2 0 0 2 12
388 0 0 3 3 3 0 0 0 3 0 0 3 10
389 1 9 3 3 3 0 0 0 2 0 0 2 12
390 1 9 3 3 3 0 0 0 2 0 0 2 12
391 1 7 3 3 3 0 0 0 3 0 0 3 10
392 1 9 3 3 3 0 0 0 2 0 0 2 12
393 1 12 3 3 3 0 0 0 3 0 0 4 6
394 1 6 3 3 3 0 0 0 2 0 0 2 12
395 1 6 3 3 3 0 0 0 2 0 0 2 12
396 1 6 3 3 3 0 0 0 3 0 0 3 10
397 1 8 3 3 3 0 0 0 2 0 0 2 12
398 1 9 3 3 3 0 0 0 2 0 0 2 12
399 1 9 3 3 3 0 0 0 2 0 0 2 12
400 0 0 1 1 4 0 0 0 1 0 0 2 6
401 1 16 2 2 4 0 1 0 1 0 0 2 6
402 1 16 2 2 4 0 0 0 1 0 0 3 6
403 1 16 2 2 4 0 1 0 1 0 0 2 8
404 1 8 2 2 4 0 0 0 1 0 0 2 8
405 1 16 2 2 4 0 0 0 1 0 0 2 8
406 1 12 3 3 4 0 0 0 1 0 0 4 6
407 1 12 3 3 4 0 0 0 1 0 0 4 6
408 1 12 3 3 4 0 0 0 1 0 0 3 8
409 1 10 3 3 4 0 0 0 1 0 0 3 8
410 1 10 3 3 4 0 0 0 1 0 0 3 8
411 1 24 3 3 4 0 1 0 1 0 0 3 6
412 1 24 3 3 4 0 1 0 1 0 0 3 6
413 1 10 3 3 4 0 0 0 1 0 0 2 10
414 1 14 3 3 4 0 0 0 1 0 0 2 10
415 1 16 3 3 4 0 1 0 1 0 0 2 10
416 1 14 3 3 4 0 0 0 1 0 0 2 10
417 1 14 3 3 4 0 0 0 1 0 0 2 10
418 1 12 3 3 4 0 0 0 1 0 0 2 10
419 1 12 3 3 4 0 0 0 1 0 0 2 10
420 1 12 3 3 4 0 0 0 1 0 0 2 10
421 0 0 3 3 4 0 0 0 1 0 0 2 10
422 1 12 3 3 4 1 1 0 1 0 0 2 8
423 1 10 3 3 4 0 0 0 1 0 0 2 8
424 1 7 3 3 4 0 0 0 1 0 0 2 8
425 1 11 3 3 4 0 0 0 1 0 0 2 8
426 1 9 3 4 4 1 0 0 1 1 0 1 14
427 1 11 3 4 4 0 0 0 1 1 0 1 14
428 1 8 3 4 4 0 0 0 1 1 0 1 14
429 1 8 3 4 4 1 0 0 1 1 0 1 14
430 1 9 3 4 4 0 0 0 1 1 0 1 14
431 1 11 3 4 4 0 0 0 1 1 0 1 14
432 1 12 3 4 4 0 0 0 1 1 0 1 14
433 1 11 3 4 4 0 0 0 1 1 0 1 14
434 1 9 3 4 4 0 0 0 1 1 0 1 14
435 1 12 3 4 4 0 0 0 1 1 0 1 14
436 1 7 3 4 4 1 0 0 1 1 0 1 14
437 1 11 3 4 4 0 0 0 1 1 0 1 14
438 1 10 3 4 4 0 1 0 1 1 0 1 14
439 1 9 3 4 4 0 0 0 1 1 0 1 14
440 1 14 3 4 4 0 1 0 1 1 0 1 14
441 1 13 3 4 4 0 0 0 1 1 0 1 14
442 1 8 3 4 4 0 0 0 1 1 0 1 14
443 1 9 3 4 4 0 0 0 1 1 0 1 14
444 1 11 3 4 4 0 0 0 1 1 0 1 14
445 1 14 3 4 4 0 1 0 1 1 0 1 14
446 1 12 3 4 4 0 0 0 1 1 0 1 14
447 1 11 3 4 4 0 0 0 1 1 0 1 14
448 1 13 3 4 4 0 0 0 1 1 0 1 14
449 1 16 3 4 4 0 1 0 1 1 0 1 14
450 1 8 3 4 4 0 0 0 1 1 0 1 14
451 1 11 3 4 4 0 0 0 1 1 0 1 14
452 1 9 3 4 4 0 0 0 1 1 0 1 14
453 1 10 3 4 4 0 0 0 1 1 0 1 14
454 1 6 3 4 4 0 0 0 1 1 0 1 14
455 1 14 3 4 4 0 0 0 1 1 0 1 14
456 1 4 3 4 4 0 0 0 1 1 0 1 14
457 1 10 3 4 4 0 0 0 1 1 0 1 14
458 1 11 3 4 4 0 0 0 1 1 0 1 14
459 1 10 3 4 4 0 0 0 1 1 0 1 14
460 1 9 3 4 4 0 0 0 1 1 0 1 14
461 1 8 3 4 4 0 0 0 1 1 0 1 14
462 1 9 3 4 4 0 0 0 1 1 0 1 14
463 1 12 3 4 4 0 0 0 1 1 0 1 14
464 1 11 3 4 4 0 0 0 1 1 0 1 14
465 1 12 3 4 4 0 0 0 1 1 0 1 14
466 1 11 3 4 4 0 0 0 1 1 0 1 14
467 1 10 3 4 4 0 0 0 1 1 0 1 14
468 1 11 3 4 4 0 0 0 1 1 0 1 14
469 1 6 3 4 4 0 0 0 1 1 0 1 14
470 1 14 3 4 4 0 0 0 1 1 0 1 14
471 1 8 3 4 4 0 0 0 1 1 0 1 14
472 1 10 3 4 4 0 0 0 1 1 0 1 14
473 1 10 3 4 4 0 0 0 1 1 0 1 14
474 1 11 3 4 4 0 0 0 1 1 0 1 14
475 1 6 3 4 4 0 0 0 1 1 0 1 14
476 1 8 3 4 4 0 0 0 1 1 0 1 14
477 1 10 3 4 4 0 0 0 1 1 0 1 14
478 1 6 3 4 4 1 0 0 1 1 0 1 14
479 1 9 3 4 4 0 0 0 1 1 0 1 14
480 1 12 3 4 4 0 0 0 1 1 0 1 14
481 1 9 3 4 4 0 0 0 1 1 0 1 14
482 1 10 3 4 4 0 0 0 1 1 0 1 14
483 1 8 3 4 4 0 0 0 1 1 0 1 14
484 1 11 3 4 4 0 0 0 1 1 0 1 14
485 1 11 3 4 4 0 0 0 1 1 0 1 14
486 1 13 3 4 4 0 0 0 1 1 0 1 14
487 1 9 3 4 4 0 0 0 1 1 0 1 14
488 1 6 3 4 4 0 0 0 1 1 0 1 14
489 1 9 3 4 4 0 0 0 1 1 0 1 14
490 1 9 3 4 4 0 0 0 1 1 0 1 14
491 1 10 3 4 4 0 0 0 1 1 0 1 14
492 1 10 3 4 4 0 0 0 1 1 0 1 14
493 1 6 3 4 4 0 0 0 1 1 0 1 14
494 1 10 3 4 4 0 0 0 1 1 0 1 14
495 1 8 3 4 4 0 0 0 1 1 0 1 14
496 1 9 3 4 4 0 0 0 1 1 0 1 14
497 1 10 3 4 4 0 0 0 1 1 0 1 14
498 1 12 3 4 4 0 1 0 1 1 0 1 14
499 1 18 3 4 4 0 1 0 1 1 0 1 14
500 1 13 3 4 4 0 0 0 1 1 0 1 14
501 1 7 3 5 5 0 0 0 1 1 0 1 14
502 1 10 3 5 5 0 0 0 1 1 0 1 14
503 1 5 3 5 5 0 0 0 1 1 0 1 14
504 1 10 3 5 5 0 0 0 1 1 0 1 14
505 1 12 3 5 5 0 0 0 1 1 0 1 14
506 1 12 3 5 5 0 0 0 1 1 0 1 14
507 1 12 3 5 5 0 0 0 1 1 0 1 14
508 1 7 3 5 5 0 0 0 1 1 0 1 14
509 1 24 3 6 6 0 1 0 1 1 0 1 14
