1 0 0 0 0 1 1 3 1 0 0 7 0 0 2 4 2.89511 8
2 0 0 0 0 1 1 3 1 0 0 6 0 0 2 4 2.86496 7
3 0 0 0 0 1 1 3 1 0 0 5 0 0 3 4 2.85868 7
4 0 0 0 0 1 1 3 1 0 0 6 0 0 3 4 2.85781 6
5 0 0 0 0 1 1 3 0 0 0 4 0 0 2 6 2.85781 6
6 0 0 0 0 1 1 3 1 0 0 5 0 0 3 4 2.85399 7
7 0 0 0 0 1 1 3 1 0 0 6 0 0 3 4 2.84998 6
8 0 0 0 0 1 1 3 1 0 0 4 0 0 4 4 2.84604 6
9 0 0 0 0 1 1 3 1 0 0 4 0 0 4 4 2.84529 6
10 0 0 0 0 1 1 3 0 0 0 3 0 0 3 6 2.84491 6
11 0 0 0 0 1 1 3 1 0 0 5 0 0 4 4 2.84265 6
12 0 0 0 0 1 1 3 1 0 0 7 0 0 3 4 2.84224 6
13 0 0 0 0 1 1 3 1 0 0 5 0 0 4 4 2.84224 6
14 0 0 0 0 1 1 3 0 0 0 4 0 0 3 6 2.84186 6
15 0 0 0 0 1 1 3 0 0 0 4 0 0 3 6 2.84257 6
16 0 0 0 0 1 1 3 1 0 0 3 0 0 2 8 2.84224 6
17 0 0 0 0 1 1 3 1 0 0 5 0 0 4 4 2.84224 6
18 0 0 0 0 1 1 3 0 0 0 3 0 0 2 8 2.84224 6
19 0 0 0 0 1 1 3 0 0 0 3 0 0 2 8 2.84183 6
20 0 0 0 0 1 1 3 1 0 0 7 0 0 2 4 2.87291 7
21 0 0 0 0 1 1 3 1 0 0 5 0 0 3 4 2.86601 7
22 0 0 0 0 1 1 3 1 0 0 6 0 0 3 4 2.86503 6
23 0 0 0 0 1 1 3 0 0 0 4 0 0 2 6 2.86503 6
24 1 4 0 0 2 2 3 1 0 0 5 0 0 2 4 2.79129 6
25 1 4 0 0 2 2 3 1 0 0 4 0 0 3 4 2.77001 6
26 1 4 0 0 2 2 3 1 0 0 5 0 0 3 4 2.76689 5
27 1 8 0 0 2 2 3 0 0 0 3 0 0 2 6 2.76689 5
28 1 8 0 0 2 2 3 1 0 0 5 0 0 3 4 2.75742 6
29 1 4 0 0 2 2 3 1 0 0 6 0 0 3 4 2.74349 5
30 1 4 0 0 2 2 3 1 0 0 4 0 0 4 4 2.72536 5
31 1 4 0 0 2 2 3 1 0 0 4 0 0 4 4 2.72225 5
32 1 8 0 0 2 2 3 0 0 0 3 0 0 3 6 2.72052 5
33 1 4 0 0 2 2 3 1 0 0 5 0 0 4 4 2.71137 5
34 1 8 0 0 2 2 3 1 0 0 7 0 0 3 4 2.70928 5
35 1 4 0 0 2 2 3 1 0 0 5 0 0 4 4 2.70928 5
36 1 8 0 0 2 2 3 0 0 0 4 0 0 3 6 2.70776 5
37 1 8 0 0 2 2 3 0 0 0 4 0 0 3 6 2.71089 5
38 1 8 0 0 2 2 3 1 0 0 3 0 0 2 8 2.70928 5
39 1 4 0 0 2 2 3 1 0 0 5 0 0 4 4 2.70928 5
40 1 4 0 0 2 2 3 0 0 0 3 0 0 2 8 2.70928 5
41 1 8 0 0 2 2 3 0 0 0 3 0 0 2 8 2.70753 5
42 1 8 0 0 2 2 3 1 0 0 4 0 0 4 4 2.72536 6
43 1 8 0 0 2 2 3 1 0 0 5 0 0 4 4 2.72049 5
44 1 16 0 0 2 2 3 0 0 0 3 0 0 3 6 2.72049 5
45 1 4 0 0 2 2 3 1 0 0 5 0 0 4 4 2.70614 5
46 1 4 0 0 2 2 3 1 0 0 6 0 0 4 4 2.70057 5
47 1 8 0 0 2 2 3 0 0 0 4 0 0 3 6 2.70042 5
48 1 4 0 0 2 2 3 1 0 0 5 0 0 4 4 2.69554 5
49 1 8 0 0 2 2 3 1 0 0 6 0 0 4 4 2.67843 5
50 1 4 0 0 2 2 3 1 0 0 4 0 0 5 4 2.64576 5
51 1 4 0 0 2 2 3 1 0 0 4 0 0 5 4 2.64193 5
52 1 8 0 0 2 2 3 0 0 0 3 0 0 4 6 2.63939 5
53 1 8 0 0 2 2 3 1 0 0 5 0 0 4 4 2.68783 5
54 1 4 0 0 2 2 3 1 0 0 4 0 0 5 4 2.63725 5
55 1 4 0 0 2 2 3 1 0 0 6 0 0 4 4 2.65376 5
56 1 4 0 0 2 2 3 1 0 0 4 0 0 5 4 2.63489 5
57 1 8 0 0 2 2 3 0 0 0 3 0 0 4 6 2.62844 5
58 1 4 0 0 2 2 3 1 0 0 4 0 0 5 4 2.62887 5
59 1 8 0 0 2 2 3 0 0 0 4 0 0 4 6 2.62043 5
60 1 8 0 0 2 2 3 0 0 0 4 0 0 4 6 2.62195 5
61 1 8 0 0 2 2 3 1 0 0 3 0 0 3 8 2.61743 5
62 1 4 0 0 2 2 3 1 0 0 5 0 0 5 4 2.6167 5
63 1 8 0 0 2 2 3 0 0 0 3 0 0 3 8 2.61606 5
64 1 8 0 0 2 2 3 0 0 0 4 0 0 4 6 2.61441 4
65 1 4 0 0 2 2 3 1 0 0 5 0 0 5 4 2.61404 4
66 1 4 0 0 2 2 3 0 0 0 3 0 0 3 8 2.61404 4
67 1 4 0 0 2 2 3 1 0 0 7 0 0 4 4 2.66908 5
68 1 4 0 0 2 2 3 1 0 0 5 0 0 5 4 2.61269 5
69 1 4 0 0 2 2 3 1 0 0 5 0 0 5 4 2.60935 5
70 1 4 0 0 2 2 3 1 0 0 5 0 0 5 4 2.60615 5
71 1 8 0 0 2 2 3 0 0 0 4 0 0 4 6 2.60313 4
72 1 8 0 0 2 2 3 1 0 0 7 0 0 4 4 2.64119 5
73 1 16 0 0 2 2 3 0 0 0 5 0 0 3 6 2.64119 5
74 1 8 0 0 2 2 3 1 0 0 6 0 0 4 4 2.65109 5
75 1 4 0 0 2 2 3 1 0 0 6 0 0 5 4 2.59219 5
76 1 4 0 0 2 2 3 1 0 0 5 0 0 5 4 2.58308 4
77 1 8 0 0 2 2 3 0 0 0 5 0 0 4 6 2.58308 4
78 1 8 0 0 2 2 3 0 0 0 5 0 0 4 6 2.5812 4
79 1 8 0 0 2 2 3 0 0 0 5 0 0 4 6 2.58456 4
80 1 8 0 0 2 2 3 1 0 0 4 0 0 3 8 2.57896 5
81 1 4 0 0 2 2 3 1 0 0 6 0 0 5 4 2.57866 4
82 1 4 0 0 2 2 3 0 0 0 4 0 0 3 8 2.57866 4
83 1 4 0 0 2 2 3 1 0 0 5 0 0 5 4 2.57964 5
84 1 8 0 0 2 2 3 0 0 0 4 0 0 3 8 2.57571 4
85 1 8 0 0 2 2 3 0 0 0 4 0 0 4 6 2.57367 4
86 1 12 0 0 2 2 3 0 0 0 5 0 0 3 6 2.66908 5
87 1 8 0 0 2 2 3 0 0 0 4 0 0 4 6 2.60549 5
88 1 8 0 0 2 2 3 0 0 0 5 0 0 3 6 2.64119 5
89 1 8 0 0 2 2 3 0 0 0 4 0 0 4 6 2.59921 4
90 1 16 0 0 2 2 3 0 0 0 3 0 0 3 6 2.59727 4
91 1 8 0 0 2 2 3 1 0 0 4 0 0 3 8 2.59263 5
92 1 4 0 0 2 2 3 1 0 0 5 0 0 5 4 2.59437 5
93 1 4 0 0 2 2 3 0 0 0 4 0 0 3 8 2.59219 5
94 1 4 0 0 2 2 3 1 0 0 3 0 0 2 10 2.58308 4
95 1 12 0 0 2 2 3 0 0 0 3 0 0 2 10 2.58308 4
96 1 8 0 0 2 2 3 0 0 0 3 0 0 2 10 2.58308 4
97 1 4 0 0 2 2 3 1 0 0 6 0 0 4 4 2.62299 4
98 1 8 0 0 2 2 3 0 0 0 4 0 0 3 8 2.57602 4
99 1 8 0 0 2 2 3 0 0 0 4 0 0 3 8 2.58177 4
100 1 8 0 0 2 2 3 1 0 0 3 0 0 2 10 2.57528 5
101 1 8 0 0 2 2 3 1 0 0 4 0 0 3 8 2.5735 4
102 1 8 0 0 2 2 3 0 0 0 3 0 0 2 10 2.57274 4
103 1 4 0 0 2 2 3 1 0 0 5 0 0 5 4 2.57411 4
104 1 12 0 0 2 2 3 0 0 0 3 0 0 2 10 2.57411 4
105 1 8 0 0 2 2 3 0 0 0 4 0 0 4 6 2.57792 5
106 1 4 0 0 2 2 3 1 0 0 5 0 0 5 4 2.5784 4
107 1 8 0 0 2 2 3 0 0 0 3 0 0 2 10 2.57528 5
108 1 8 0 0 2 2 3 0 0 0 3 0 0 2 10 2.57411 4
109 1 8 0 0 2 2 3 0 0 0 5 0 0 4 6 2.57411 4
110 1 4 0 0 2 2 3 0 0 0 4 0 0 3 8 2.57326 4
111 1 8 0 0 2 2 3 0 0 0 3 0 0 2 10 2.57259 4
112 1 8 0 0 2 2 3 0 0 0 3 0 0 2 10 2.57106 4
113 1 8 0 0 2 2 3 0 0 0 4 0 0 4 6 2.56574 5
114 1 16 0 0 2 2 3 0 0 0 3 0 0 3 6 2.56155 4
115 1 8 0 0 2 2 3 0 0 0 4 0 0 3 8 2.56517 4
116 1 8 0 0 2 2 3 0 0 0 3 0 0 2 10 2.5643 4
117 1 12 0 0 2 2 3 0 0 0 3 0 0 2 10 2.56417 4
118 1 4 0 0 2 2 3 1 0 0 5 0 0 5 4 2.56155 4
119 1 8 0 0 2 2 3 0 0 0 3 0 0 2 10 2.56155 4
120 0 0 0 0 2 2 3 1 0 0 7 0 0 3 4 2.56155 4
121 1 8 0 0 2 2 3 0 0 0 3 0 0 2 10 2.56155 4
122 1 8 0 0 2 2 3 0 0 0 5 0 0 4 6 2.56155 4
123 0 0 0 0 2 2 3 0 0 0 3 0 0 2 10 2.56155 4
124 0 0 0 0 1 1 3 1 0 0 3 0 0 4 4 2.85806 7
125 0 0 0 0 1 1 3 1 0 0 4 0 0 4 4 2.85693 6
126 0 0 0 0 1 1 3 0 0 0 2 0 0 3 6 2.85693 6
127 1 4 0 0 2 2 3 1 0 0 3 0 0 4 4 2.74108 6
128 1 4 0 0 2 2 3 1 0 0 4 0 0 4 4 2.73668 5
129 1 8 0 0 2 2 3 0 0 0 2 0 0 3 6 2.73668 5
130 1 4 0 0 2 2 3 1 0 0 3 0 0 5 4 2.67699 5
131 1 4 0 0 2 2 3 1 0 0 3 0 0 5 4 2.6721 5
132 1 8 0 0 2 2 3 0 0 0 2 0 0 4 6 2.66923 5
133 1 4 0 0 2 2 3 1 0 0 4 0 0 5 4 2.65487 5
134 1 4 0 0 2 2 3 1 0 0 4 0 0 5 4 2.65109 5
135 1 8 0 0 2 2 3 0 0 0 3 0 0 4 6 2.64869 5
136 1 8 0 0 2 2 3 0 0 0 3 0 0 4 6 2.65388 5
137 1 8 0 0 2 2 3 1 0 0 2 0 0 3 8 2.65109 5
138 1 4 0 0 2 2 3 1 0 0 4 0 0 5 4 2.65109 5
139 1 4 0 0 2 2 3 0 0 0 2 0 0 3 8 2.65109 5
140 1 8 0 0 2 2 3 0 0 0 2 0 0 3 8 2.64822 5
141 0 0 0 0 1 1 3 1 0 0 5 0 0 4 4 2.85577 5
142 0 0 0 0 1 1 3 0 0 0 3 0 0 3 6 2.85577 5
143 1 4 0 0 2 2 3 1 0 0 5 0 0 4 4 2.73205 5
144 1 8 0 0 2 2 3 0 0 0 3 0 0 3 6 2.73205 5
145 1 4 0 0 2 2 3 1 0 0 5 0 0 5 4 2.64543 5
146 1 4 0 0 2 2 3 1 0 0 5 0 0 5 4 2.64119 4
147 1 8 0 0 2 2 3 0 0 0 4 0 0 4 6 2.63864 4
148 1 4 0 0 2 2 3 1 0 0 4 0 0 5 4 2.66384 5
149 1 4 0 0 2 2 3 1 0 0 4 0 0 5 4 2.66908 5
150 1 8 0 0 2 2 3 0 0 0 3 0 0 4 6 2.66073 4
151 1 8 0 0 2 2 3 0 0 0 4 0 0 4 6 2.64423 4
152 1 8 0 0 2 2 3 1 0 0 3 0 0 3 8 2.64119 5
153 1 8 0 0 2 2 3 0 0 0 3 0 0 3 8 2.63807 4
154 1 4 0 0 2 2 3 1 0 0 5 0 0 5 4 2.64119 4
155 1 4 0 0 2 2 3 0 0 0 3 0 0 3 8 2.64119 4
156 1 8 0 0 2 2 3 0 0 0 2 0 0 4 6 2.66908 5
157 1 8 0 0 2 2 3 0 0 0 2 0 0 4 6 2.66384 5
158 1 8 0 0 2 2 3 0 0 0 3 0 0 4 6 2.64535 5
159 1 3 1 0 3 3 3 1 0 0 3 0 0 6 4 2.54782 5
160 1 3 1 0 3 3 3 1 0 0 3 0 0 6 4 2.54439 5
161 1 3 1 0 3 3 3 1 0 0 3 0 0 6 4 2.53681 5
162 1 6 0 0 3 3 3 0 0 0 2 0 0 5 6 2.53167 4
163 1 3 1 0 3 3 3 1 0 0 3 0 0 6 4 2.53985 5
164 1 6 0 0 3 3 3 0 0 0 2 0 0 5 6 2.52687 4
165 1 3 1 0 3 3 3 1 0 0 3 0 0 6 4 2.53105 4
166 1 3 1 0 3 3 3 1 0 0 3 0 0 6 4 2.52831 5
167 1 3 1 0 3 3 3 1 0 0 3 0 0 6 4 2.52719 5
168 1 3 1 0 3 3 3 1 0 0 3 0 0 6 4 2.51061 4
169 1 6 0 0 3 3 3 0 0 0 2 0 0 5 6 2.50979 4
170 1 6 0 0 3 3 3 0 0 0 3 0 0 5 6 2.49265 4
171 1 6 0 0 3 3 3 0 0 0 3 0 0 5 6 2.50027 4
172 1 6 0 0 3 3 3 1 0 0 2 0 0 4 8 2.48881 5
173 1 3 1 0 3 3 3 1 0 0 4 0 0 6 4 2.48663 4
174 1 5 1 0 3 3 3 0 0 0 2 0 0 4 8 2.48655 4
175 1 3 1 0 3 3 3 1 0 0 4 0 0 6 4 2.48573 4
176 1 5 1 0 3 3 3 0 0 0 2 0 0 4 8 2.48338 4
177 1 6 0 0 3 3 3 0 0 0 3 0 0 5 6 2.48917 4
178 1 3 1 0 3 3 3 1 0 0 4 0 0 6 4 2.48386 4
179 1 5 1 0 3 3 3 0 0 0 2 0 0 4 8 2.48225 4
180 1 6 0 0 3 3 3 0 0 0 3 0 0 5 6 2.47971 4
181 1 3 1 0 3 3 3 1 0 0 3 0 0 6 4 2.52456 5
182 1 6 0 0 3 3 3 0 0 0 2 0 0 5 6 2.51845 4
183 1 8 0 0 2 2 3 0 0 0 3 0 0 4 6 2.64119 4
184 1 3 1 0 3 3 3 1 0 0 4 0 0 6 4 2.47009 4
185 1 3 1 0 3 3 3 1 0 0 3 0 0 6 4 2.49086 4
186 1 6 0 0 3 3 3 0 0 0 3 0 0 5 6 2.4605 4
187 1 6 0 0 3 3 3 0 0 0 3 0 0 5 6 2.48448 4
188 1 6 0 0 3 3 3 0 0 0 3 0 0 5 6 2.47664 4
189 1 6 0 0 3 3 3 1 0 0 2 0 0 4 8 2.47221 4
190 1 3 1 0 3 3 3 1 0 0 4 0 0 6 4 2.47066 4
191 1 5 1 0 3 3 3 0 0 0 2 0 0 4 8 2.47066 4
192 1 5 1 0 3 3 3 0 0 0 2 0 0 4 8 2.4652 4
193 1 6 0 0 3 3 3 0 0 0 2 0 0 5 6 2.49026 4
194 1 6 0 0 3 3 3 0 0 0 3 0 0 5 6 2.46613 5
195 1 6 0 0 3 3 3 0 0 0 3 0 0 5 6 2.4464 4
196 1 12 0 0 3 3 3 0 0 0 2 0 0 4 6 2.44236 4
197 1 6 0 0 3 3 3 0 0 0 3 0 0 5 6 2.48425 4
198 1 6 0 0 3 3 3 0 0 0 3 0 0 5 6 2.48119 4
199 1 12 0 0 3 3 3 0 0 0 2 0 0 4 6 2.46735 4
200 1 6 0 0 3 3 3 1 0 0 3 0 0 4 8 2.45286 4
201 1 3 1 0 3 3 3 1 0 0 4 0 0 6 4 2.44767 4
202 1 5 1 0 3 3 3 0 0 0 3 0 0 4 8 2.4349 4
203 1 6 0 0 3 3 3 1 0 0 3 0 0 4 8 2.42423 4
204 1 5 1 0 3 3 3 1 0 0 2 0 0 3 10 2.40985 4
205 1 7 1 0 3 3 3 0 0 0 2 0 0 3 10 2.40985 4
206 1 8 0 0 3 3 3 0 0 0 2 0 0 3 10 2.4089 4
207 1 3 1 0 3 3 3 1 0 0 4 0 0 6 4 2.45417 4
208 1 5 1 0 3 3 3 0 0 0 3 0 0 4 8 2.42468 4
209 1 5 1 0 3 3 3 0 0 0 3 0 0 4 8 2.42846 4
210 1 5 1 0 3 3 3 1 0 0 2 0 0 3 10 2.40274 4
211 1 6 0 0 3 3 3 1 0 0 3 0 0 4 8 2.41197 4
212 1 7 1 0 3 3 3 0 0 0 2 0 0 3 10 2.40246 4
213 1 3 1 0 3 3 3 1 0 0 4 0 0 6 4 2.43246 4
214 1 8 0 0 3 3 3 0 0 0 2 0 0 3 10 2.40075 4
215 1 6 0 0 3 3 3 0 0 0 3 0 0 5 6 2.42532 4
216 1 6 0 0 3 3 3 0 0 0 3 0 0 5 6 2.41004 4
217 1 3 1 0 3 3 3 1 0 0 4 0 0 6 4 2.42638 4
218 1 3 1 0 3 3 3 1 0 0 4 0 0 6 4 2.41421 4
219 1 7 1 0 3 3 3 0 0 0 2 0 0 3 10 2.39285 4
220 1 7 1 0 3 3 3 0 0 0 2 0 0 3 10 2.39178 4
221 1 6 0 0 3 3 3 0 0 0 4 0 0 5 6 2.39445 4
222 1 5 1 0 3 3 3 0 0 0 3 0 0 4 8 2.40337 4
223 1 5 1 0 3 3 3 0 0 0 3 0 0 4 8 2.39785 4
224 1 6 0 0 3 3 3 0 0 0 2 0 0 3 10 2.38902 4
225 1 6 0 0 3 3 3 0 0 0 2 0 0 3 10 2.38381 4
226 1 5 1 0 3 3 3 0 0 0 3 0 0 4 8 2.38382 4
227 1 5 1 0 3 3 3 0 0 0 3 0 0 4 8 2.3842 4
228 1 7 1 0 3 3 3 0 0 0 2 0 0 3 10 2.38097 4
229 1 7 1 0 3 3 3 0 0 0 2 0 0 3 10 2.38057 4
230 1 6 0 0 3 3 3 1 0 0 3 0 0 4 8 2.38038 4
231 1 6 0 0 3 3 3 0 0 0 3 0 0 5 6 2.4213 4
232 1 12 0 0 3 3 3 0 0 0 2 0 0 4 6 2.41893 4
233 1 6 0 0 3 3 3 0 0 0 4 0 0 5 6 2.39502 4
234 1 6 0 0 3 3 3 1 0 0 3 0 0 4 8 2.37428 4
235 1 3 1 0 3 3 3 1 0 0 4 0 0 6 4 2.39516 4
236 1 5 1 0 3 3 3 0 0 0 3 0 0 4 8 2.37309 4
237 1 5 1 0 3 3 3 0 0 0 3 0 0 4 8 2.39222 4
238 1 6 0 0 3 3 3 0 0 0 2 0 0 3 10 2.38269 4
239 1 7 1 0 3 3 3 0 0 0 2 0 0 3 10 2.38282 4
240 1 7 1 0 3 3 3 0 0 0 2 0 0 3 10 2.37304 4
241 1 6 0 0 3 3 3 0 0 0 3 0 0 5 6 2.39302 4
242 1 6 0 0 3 3 3 0 0 0 2 0 0 3 10 2.37305 4
243 1 6 0 0 3 3 3 0 0 0 4 0 0 5 6 2.36395 4
244 1 3 1 0 3 3 3 1 0 0 5 0 0 6 4 2.36234 4
245 1 5 1 0 3 3 3 0 0 0 3 0 0 4 8 2.36234 4
246 1 5 1 0 3 3 3 0 0 0 3 0 0 4 8 2.35959 4
247 1 6 0 0 3 3 3 0 0 0 2 0 0 3 10 2.35884 4
248 1 6 0 0 3 3 3 0 0 0 2 0 0 3 10 2.35929 4
249 1 6 0 0 3 3 3 0 0 0 4 0 0 5 6 2.35884 4
250 1 6 0 0 3 3 3 0 0 0 4 0 0 5 6 2.35884 4
251 0 0 0 0 3 3 3 0 0 0 2 0 0 3 10 2.35884 4
252 1 16 0 0 2 2 3 0 0 0 2 0 0 3 6 2.64422 4
253 1 12 0 0 3 3 3 0 0 0 2 0 0 4 6 2.46953 4
254 1 16 0 0 2 2 3 0 0 0 2 0 0 3 6 2.63861 4
255 1 6 0 0 3 3 3 0 0 0 4 0 0 5 6 2.40501 4
256 1 12 0 0 3 3 3 0 0 0 3 0 0 4 6 2.40268 4
257 1 12 0 0 3 3 3 0 0 0 3 0 0 4 6 2.43067 4
258 1 12 0 0 3 3 3 0 0 0 3 0 0 4 6 2.41421 4
259 1 12 0 0 3 3 3 0 0 0 2 0 0 3 8 2.41208 4
260 1 6 0 0 3 3 3 0 0 0 4 0 0 5 6 2.40746 4
261 1 10 0 0 3 3 3 0 0 0 2 0 0 3 8 2.40746 4
262 1 10 0 0 3 3 3 0 0 0 2 0 0 3 8 2.4037 4
263 1 12 0 0 3 3 3 0 0 0 2 0 0 4 6 2.45549 4
264 1 12 0 0 3 3 3 0 0 0 2 0 0 4 6 2.47962 4
265 1 12 0 0 3 3 3 0 0 0 3 0 0 4 6 2.44949 4
266 1 12 0 0 3 3 3 0 0 0 2 0 0 3 8 2.43292 4
267 1 6 0 0 3 3 3 0 0 0 4 0 0 5 6 2.42655 4
268 1 10 0 0 3 3 3 0 0 0 2 0 0 3 8 2.42655 4
269 1 12 0 0 3 3 3 0 0 0 2 0 0 3 8 2.43292 4
270 1 8 0 0 2 2 3 0 0 0 3 0 0 4 6 2.64119 4
271 1 6 0 0 3 3 3 0 0 0 3 0 0 5 6 2.46237 4
272 1 10 0 0 3 3 3 0 0 0 2 0 0 3 8 2.40671 4
273 1 12 0 0 3 3 3 0 0 0 2 0 0 3 8 2.39138 4
274 1 5 1 0 3 3 3 1 0 0 3 0 0 3 10 2.34787 4
275 1 7 1 0 3 3 3 0 0 0 3 0 0 3 10 2.34128 4
276 1 6 0 0 3 3 3 1 0 0 4 0 0 4 8 2.31409 4
277 1 7 1 0 3 3 3 1 0 0 2 0 0 2 12 2.30787 4
278 1 9 1 0 3 3 3 0 0 0 2 0 0 2 12 2.30787 4
279 1 8 0 0 3 3 3 0 0 0 2 0 0 2 12 2.30049 4
280 1 8 0 0 3 3 3 0 0 0 3 0 0 3 10 2.3342 4
281 1 8 0 0 3 3 3 0 0 0 3 0 0 3 10 2.33988 4
282 1 8 0 0 3 3 3 1 0 0 2 0 0 2 12 2.30587 4
283 1 7 1 0 3 3 3 0 0 0 2 0 0 2 12 2.3056 4
284 1 5 1 0 3 3 3 1 0 0 3 0 0 3 10 2.32861 4
285 1 9 1 0 3 3 3 0 0 0 2 0 0 2 12 2.29539 4
286 1 12 0 0 3 3 3 0 0 0 2 0 0 2 12 2.30587 4
287 1 9 1 0 3 3 3 0 0 0 2 0 0 2 12 2.3056 4
288 1 5 1 0 3 3 3 0 0 0 4 0 0 4 8 2.3056 4
289 1 7 1 0 3 3 3 0 0 0 3 0 0 3 10 2.32148 4
290 1 7 1 0 3 3 3 0 0 0 2 0 0 2 12 2.29198 4
291 1 8 0 0 3 3 3 0 0 0 2 0 0 2 12 2.28618 4
292 1 6 0 0 3 3 3 0 0 0 3 0 0 5 6 2.4641 4
293 1 3 1 0 3 3 3 1 0 0 5 0 0 6 4 2.3989 4
294 1 3 1 0 3 3 3 1 0 0 5 0 0 6 4 2.40029 4
295 1 5 1 0 3 3 3 0 0 0 3 0 0 4 8 2.40022 4
296 1 6 0 0 3 3 3 1 0 0 3 0 0 4 8 2.40709 4
297 1 5 1 0 3 3 3 0 0 0 3 0 0 4 8 2.3989 4
298 1 6 1 0 3 3 3 0 0 0 2 0 0 2 12 2.28268 4
299 1 9 1 0 3 3 3 0 0 0 2 0 0 2 12 2.28304 4
300 1 10 0 0 3 3 3 0 0 0 2 0 0 3 8 2.37036 4
301 1 6 0 0 3 3 3 0 0 0 3 0 0 3 10 2.3234 4
302 1 8 0 0 3 3 3 0 0 0 2 0 0 2 12 2.27026 4
303 1 9 1 0 3 3 3 0 0 0 2 0 0 2 12 2.26229 4
304 1 7 1 0 3 3 3 0 0 0 3 0 0 3 10 2.28632 4
305 1 6 0 0 3 3 3 0 0 0 3 0 0 3 10 2.29255 4
306 1 5 1 0 3 3 3 0 0 0 4 0 0 4 8 2.2746 4
307 1 7 1 0 3 3 3 0 0 0 2 0 0 2 12 2.26901 4
308 1 12 0 0 3 3 3 0 0 0 3 0 0 4 6 2.36529 4
309 1 10 0 0 3 3 3 0 0 0 2 0 0 2 12 2.24331 4
310 1 6 0 0 3 3 3 0 0 0 3 0 0 3 10 2.28825 4
311 1 9 1 0 3 3 3 0 0 0 2 0 0 2 12 2.24892 4
312 1 7 1 0 3 3 3 0 0 0 3 0 0 3 10 2.27238 4
313 1 6 0 0 3 3 3 0 0 0 3 0 0 3 10 2.30278 4
314 1 5 1 0 3 3 3 0 0 0 4 0 0 4 8 2.28582 4
315 1 7 1 0 3 3 3 0 0 0 3 0 0 3 10 2.26995 4
316 1 9 1 0 3 3 3 0 0 0 2 0 0 2 12 2.24916 4
317 1 8 0 0 3 3 3 0 0 0 2 0 0 2 12 2.25248 4
318 1 7 1 0 3 3 3 0 0 0 2 0 0 2 12 2.24914 4
319 1 10 0 0 3 3 3 0 0 0 2 0 0 3 8 2.3483 4
320 1 12 0 0 3 3 3 0 0 0 3 0 0 4 6 2.3234 4
321 1 7 1 0 3 3 3 0 0 0 3 0 0 3 10 2.22775 4
322 1 6 0 0 3 3 3 0 0 0 3 0 0 3 10 2.23607 4
323 1 10 0 0 3 3 3 0 0 0 2 0 0 2 12 2.2245 4
324 1 9 1 0 3 3 3 0 0 0 2 0 0 2 12 2.22549 4
325 1 7 1 0 3 3 3 0 0 0 3 0 0 3 10 2.28632 4
326 1 9 1 0 3 3 3 0 0 0 2 0 0 2 12 2.22418 4
327 1 7 1 0 3 3 3 0 0 0 3 0 0 3 10 2.2639 4
328 1 10 0 0 3 3 3 0 0 0 2 0 0 2 12 2.2173 4
329 1 8 0 0 3 3 3 0 0 0 2 0 0 2 12 2.23193 4
330 1 5 1 0 3 3 3 1 0 0 3 0 0 3 10 2.24372 4
331 1 7 1 0 3 3 3 1 0 0 2 0 0 2 12 2.23564 4
332 1 6 0 0 3 3 3 1 0 0 4 0 0 4 8 2.26076 4
333 1 9 1 0 3 3 3 0 0 0 2 0 0 2 12 2.22895 4
334 1 6 0 0 3 3 3 0 0 0 3 0 0 3 10 2.24391 4
335 1 9 1 0 3 3 3 0 0 0 2 0 0 2 12 2.22337 4
336 1 6 0 0 3 3 3 0 0 0 2 0 0 2 12 2.21924 4
337 1 9 1 0 3 3 3 0 0 0 2 0 0 2 12 2.21472 4
338 1 6 0 0 3 3 3 0 0 0 2 0 0 2 12 2.20138 4
339 1 6 0 0 3 3 3 0 0 0 2 0 0 2 12 2.21302 4
340 1 7 1 0 3 3 3 0 0 0 3 0 0 3 10 2.21586 4
341 1 6 0 0 3 3 3 1 0 0 4 0 0 4 8 2.19869 4
342 1 4 0 0 3 3 3 0 0 0 2 0 0 2 12 2.19869 4
343 1 8 0 0 3 3 3 0 0 0 3 0 0 3 10 2.21432 4
344 1 9 1 0 3 3 3 0 0 0 2 0 0 2 12 2.23204 4
345 1 7 1 0 3 3 3 0 0 0 2 0 0 2 12 2.21455 4
346 1 5 1 0 3 3 3 1 0 0 3 0 0 3 10 2.21745 4
347 1 8 0 0 3 3 3 0 0 0 3 0 0 3 10 2.23607 4
348 1 7 1 0 3 3 3 0 0 0 2 0 0 2 12 2.2245 4
349 1 8 0 0 3 3 3 0 0 0 2 0 0 2 12 2.21127 4
350 1 7 1 0 3 3 3 0 0 0 3 0 0 3 10 2.21573 4
351 1 6 0 0 3 3 3 0 0 0 3 0 0 3 10 2.23355 4
352 1 9 1 0 3 3 3 0 0 0 2 0 0 2 12 2.20391 4
353 1 5 1 0 3 3 3 0 0 0 4 0 0 4 8 2.21432 4
354 1 6 0 0 3 3 3 0 0 0 2 0 0 2 12 2.19288 4
355 1 9 1 0 3 3 3 0 0 0 2 0 0 2 12 2.19405 4
356 1 12 0 0 3 3 3 0 0 0 2 0 0 3 8 2.34522 4
357 1 5 1 0 3 3 3 0 0 0 4 0 0 4 8 2.23541 4
358 1 12 0 0 3 3 3 0 0 0 2 0 0 2 12 2.22575 4
359 1 6 0 0 3 3 3 0 0 0 3 0 0 3 10 2.18726 4
360 1 12 0 0 3 3 3 0 0 0 2 0 0 2 12 2.18864 3
361 1 5 1 0 3 3 3 1 0 0 3 0 0 3 10 2.24698 4
362 1 7 1 0 3 3 3 0 0 0 3 0 0 3 10 2.24698 4
363 1 8 0 0 3 3 3 0 0 0 3 0 0 3 10 2.24698 4
364 1 6 0 0 3 3 3 0 0 0 4 0 0 5 6 2.3234 4
365 1 7 1 0 3 3 3 0 0 0 3 0 0 3 10 2.21432 4
366 1 6 0 0 3 3 3 0 0 0 3 0 0 3 10 2.20016 4
367 1 6 0 0 3 3 3 0 0 0 5 0 0 5 6 2.21432 4
368 1 7 1 0 3 3 3 0 0 0 3 0 0 3 10 2.21745 4
369 1 7 1 0 3 3 3 0 0 0 3 0 0 3 10 2.18322 4
370 1 6 0 0 3 3 3 0 0 0 5 0 0 5 6 2.11491 3
371 1 6 0 0 3 3 3 0 0 0 3 0 0 3 10 2.11491 4
372 0 0 0 0 3 3 3 0 0 0 3 0 0 3 10 2.11491 3
373 1 10 0 0 3 3 3 0 0 0 2 0 0 3 8 2.3234 4
374 1 12 0 0 3 3 3 0 0 0 2 0 0 4 6 2.38576 4
375 1 6 1 0 3 3 3 0 0 0 2 0 0 2 12 2.1451 4
376 1 8 0 0 3 3 3 0 0 0 2 0 0 2 12 2.17528 4
377 1 9 1 0 3 3 3 0 0 0 2 0 0 2 12 2.17094 4
378 1 9 1 0 3 3 3 0 0 0 2 0 0 2 12 2.14166 4
379 1 7 1 0 3 3 3 0 0 0 2 0 0 2 12 2.17223 4
380 1 6 0 0 3 3 3 0 0 0 2 0 0 2 12 2.1451 4
381 1 6 0 0 3 3 3 0 0 0 2 0 0 2 12 2.1451 4
382 1 8 0 0 3 3 3 0 0 0 2 0 0 2 12 2.1451 4
383 1 6 0 0 3 3 3 0 0 0 3 0 0 3 10 2.17009 4
384 1 4 0 0 3 3 3 0 0 0 2 0 0 2 12 2.15391 4
385 1 6 0 0 3 3 3 0 0 0 2 0 0 2 12 2.15391 4
386 1 4 0 0 3 3 3 0 0 0 2 0 0 2 12 2.14285 4
387 1 6 0 0 3 3 3 0 0 0 2 0 0 2 12 2.12676 4
388 0 0 0 0 3 3 3 0 0 0 3 0 0 3 10 2.21432 4
389 1 9 1 0 3 3 3 0 0 0 2 0 0 2 12 2.14231 4
390 1 9 1 0 3 3 3 0 0 0 2 0 0 2 12 2.14231 4
391 1 7 1 0 3 3 3 0 0 0 3 0 0 3 10 2.13068 4
392 1 9 1 0 3 3 3 0 0 0 2 0 0 2 12 2.12638 4
393 1 12 0 0 3 3 3 0 0 0 3 0 0 4 6 2.3234 3
394 1 6 0 0 3 3 3 0 0 0 2 0 0 2 12 2.14404 3
395 1 6 0 0 3 3 3 0 0 0 2 0 0 2 12 2.12291 4
396 1 6 0 0 3 3 3 0 0 0 3 0 0 3 10 2.13578 3
397 1 8 0 0 3 3 3 0 0 0 2 0 0 2 12 2.12291 3
398 1 9 1 0 3 3 3 0 0 0 2 0 0 2 12 2.11491 4
399 1 9 1 0 3 3 3 0 0 0 2 0 0 2 12 2.11491 3
400 0 0 0 0 1 1 4 0 0 0 1 0 0 2 6 2.85577 5
401 1 16 0 0 2 2 4 0 1 0 1 0 0 2 6 2.73205 5
402 1 16 0 0 2 2 4 0 0 0 1 0 0 3 6 2.66073 4
403 1 16 0 0 2 2 4 0 1 0 1 0 0 2 8 2.64119 5
404 1 8 0 0 2 2 4 0 0 0 1 0 0 2 8 2.64119 4
405 1 16 0 0 2 2 4 0 0 0 1 0 0 2 8 2.63807 4
406 1 12 0 0 3 3 4 0 0 0 1 0 0 4 6 2.51283 4
407 1 12 0 0 3 3 4 0 0 0 1 0 0 4 6 2.48929 4
408 1 12 0 0 3 3 4 0 0 0 1 0 0 3 8 2.46642 4
409 1 10 0 0 3 3 4 0 0 0 1 0 0 3 8 2.45944 4
410 1 10 0 0 3 3 4 0 0 0 1 0 0 3 8 2.4641 4
411 1 24 0 0 3 3 4 0 1 0 1 0 0 3 6 2.44949 4
412 1 24 0 0 3 3 4 0 1 0 1 0 0 3 6 2.41421 4
413 1 10 0 0 3 3 4 0 0 0 1 0 0 2 10 2.37789 4
414 1 14 0 0 3 3 4 0 0 0 1 0 0 2 10 2.37789 4
415 1 16 0 0 3 3 4 0 1 0 1 0 0 2 10 2.37608 4
416 1 14 0 0 3 3 4 0 0 0 1 0 0 2 10 2.34626 4
417 1 14 0 0 3 3 4 0 0 0 1 0 0 2 10 2.35971 4
418 1 12 0 0 3 3 4 0 0 0 1 0 0 2 10 2.34904 4
419 1 12 0 0 3 3 4 0 0 0 1 0 0 2 10 2.357 4
420 1 12 0 0 3 3 4 0 0 0 1 0 0 2 10 2.3234 4
421 0 0 0 0 3 3 4 0 0 0 1 0 0 2 10 2.3234 3
422 1 12 0 0 3 3 4 1 1 0 1 0 0 2 8 2.41421 5
423 1 10 0 0 3 3 4 0 0 0 1 0 0 2 8 2.40709 4
424 1 7 1 0 3 3 4 0 0 0 1 0 0 2 8 2.40012 4
425 1 11 1 0 3 3 4 0 0 0 1 0 0 2 8 2.3989 4
426 1 9 1 0 3 4 4 1 0 0 1 1 0 1 14 2.24698 4
427 1 11 1 0 3 4 4 0 0 0 1 1 0 1 14 2.24698 4
428 1 8 1 0 3 4 4 0 0 0 1 1 0 1 14 2.24698 4
429 1 8 0 0 3 4 4 1 0 0 1 1 0 1 14 2.22001 4
430 1 9 1 0 3 4 4 0 0 0 1 1 0 1 14 2.21745 4
431 1 11 1 0 3 4 4 0 0 0 1 1 0 1 14 2.20299 4
432 1 12 0 0 3 4 4 0 0 0 1 1 0 1 14 2.22001 4
433 1 11 1 0 3 4 4 0 0 0 1 1 0 1 14 2.21745 4
434 1 9 1 0 3 4 4 0 0 0 1 1 0 1 14 2.20147 4
435 1 12 0 0 3 4 4 0 0 0 1 1 0 1 14 2.18555 4
436 1 7 1 0 3 4 4 1 0 0 1 1 0 1 14 2.24698 4
437 1 11 1 0 3 4 4 0 0 0 1 1 0 1 14 2.24698 4
438 1 10 0 0 3 4 4 0 1 0 1 1 0 1 14 2.24698 4
439 1 9 1 0 3 4 4 0 0 0 1 1 0 1 14 2.22833 4
440 1 14 0 0 3 4 4 0 1 0 1 1 0 1 14 2.24698 4
441 1 13 1 0 3 4 4 0 0 0 1 1 0 1 14 2.24698 4
442 1 8 0 0 3 4 4 0 0 0 1 1 0 1 14 2.22819 4
443 1 9 1 0 3 4 4 0 0 0 1 1 0 1 14 2.24698 4
444 1 11 1 0 3 4 4 0 0 0 1 1 0 1 14 2.19932 4
445 1 14 0 0 3 4 4 0 1 0 1 1 0 1 14 2.21432 4
446 1 12 0 0 3 4 4 0 0 0 1 1 0 1 14 2.20068 4
447 1 11 1 0 3 4 4 0 0 0 1 1 0 1 14 2.21432 4
448 1 13 1 0 3 4 4 0 0 0 1 1 0 1 14 2.18322 4
449 1 16 0 0 3 4 4 0 1 0 1 1 0 1 14 2.11491 4
450 1 8 0 0 3 4 4 0 0 0 1 1 0 1 14 2.13937 4
451 1 11 1 0 3 4 4 0 0 0 1 1 0 1 14 2.14082 4
452 1 9 1 0 3 4 4 0 0 0 1 1 0 1 14 2.1392 4
453 1 10 0 0 3 4 4 0 0 0 1 1 0 1 14 2.11491 4
454 1 6 0 0 3 4 4 0 0 0 1 1 0 1 14 2.11491 4
455 1 14 0 0 3 4 4 0 0 0 1 1 0 1 14 2.1451 4
456 1 4 1 0 3 4 4 0 0 0 1 1 0 1 14 2.11491 3
457 1 10 0 0 3 4 4 0 0 0 1 1 0 1 14 2.11491 3
458 1 11 1 0 3 4 4 0 0 0 1 1 0 1 14 2.22833 4
459 1 10 1 0 3 4 4 0 0 0 1 1 0 1 14 2.23607 4
460 1 9 1 0 3 4 4 0 0 0 1 1 0 1 14 2.19089 4
461 1 8 0 0 3 4 4 0 0 0 1 1 0 1 14 2.18363 4
462 1 9 1 0 3 4 4 0 0 0 1 1 0 1 14 2.17527 3
463 1 12 0 0 3 4 4 0 0 0 1 1 0 1 14 2.17971 4
464 1 11 1 0 3 4 4 0 0 0 1 1 0 1 14 2.16425 4
465 1 12 0 0 3 4 4 0 0 0 1 1 0 1 14 2.12489 3
466 1 11 1 0 3 4 4 0 0 0 1 1 0 1 14 2.12205 4
467 1 10 0 0 3 4 4 0 0 0 1 1 0 1 14 2.12587 4
468 1 11 1 0 3 4 4 0 0 0 1 1 0 1 14 2.11017 4
469 1 6 0 0 3 4 4 0 0 0 1 1 0 1 14 2.09051 3
470 1 14 0 0 3 4 4 0 0 0 1 1 0 1 14 2.08613 3
471 1 8 0 0 3 4 4 0 0 0 1 1 0 1 14 2.08613 3
472 1 10 1 0 3 4 4 0 0 0 1 1 0 1 14 2.10373 4
473 1 10 1 0 3 4 4 0 0 0 1 1 0 1 14 2.03277 4
474 1 11 1 0 3 4 4 0 0 0 1 1 0 1 14 2.03119 4
475 1 6 1 0 3 4 4 0 0 0 1 1 0 1 14 2.01212 4
476 1 8 0 0 3 4 4 0 0 0 1 1 0 1 14 2.00661 4
477 1 10 0 0 3 4 4 0 0 0 1 1 0 1 14 2.00475 4
478 1 6 0 0 3 4 4 1 0 0 1 1 0 1 14 2 4
479 1 9 1 0 3 4 4 0 0 0 1 1 0 1 14 2 4
480 1 12 0 0 3 4 4 0 0 0 1 1 0 1 14 2 4
481 1 9 1 0 3 4 4 0 0 0 1 1 0 1 14 1.98049 3
482 1 10 0 0 3 4 4 0 0 0 1 1 0 1 14 1.97516 3
483 1 8 0 0 3 4 4 0 0 0 1 1 0 1 14 1.95665 3
484 1 11 1 0 3 4 4 0 0 0 1 1 0 1 14 2 4
485 1 11 1 0 3 4 4 0 0 0 1 1 0 1 14 1.98616 3
486 1 13 1 0 3 4 4 0 0 0 1 1 0 1 14 1.98407 4
487 1 9 1 0 3 4 4 0 0 0 1 1 0 1 14 1.98049 4
488 1 6 1 0 3 4 4 0 0 0 1 1 0 1 14 2 3
489 1 9 1 0 3 4 4 0 0 0 1 1 0 1 14 2 3
490 1 9 1 0 3 4 4 0 0 0 1 1 0 1 14 1.95961 4
491 1 10 1 0 3 4 4 0 0 0 1 1 0 1 14 1.97826 3
492 1 10 0 0 3 4 4 0 0 0 1 1 0 1 14 1.95366 4
493 1 6 1 0 3 4 4 0 0 0 1 1 0 1 14 2 4
494 1 10 0 0 3 4 4 0 0 0 1 1 0 1 14 1.93185 4
495 1 8 1 0 3 4 4 0 0 0 1 1 0 1 14 2 3
496 1 9 1 0 3 4 4 0 0 0 1 1 0 1 14 1.93127 3
497 1 10 0 0 3 4 4 0 0 0 1 1 0 1 14 2 3
498 1 12 0 0 3 4 4 0 1 0 1 1 0 1 14 2 4
499 1 18 0 0 3 4 4 0 1 0 1 1 0 1 14 1.93185 4
500 1 13 1 0 3 4 4 0 0 0 1 1 0 1 14 1.93185 3
501 1 7 1 0 3 5 5 0 0 0 1 1 0 1 14 1.86398 3
502 1 10 0 0 3 5 5 0 0 0 1 1 0 1 14 1.86081 4
503 1 5 1 0 3 5 5 0 0 0 1 1 0 1 14 1.8662 3
504 1 10 0 0 3 5 5 0 0 0 1 1 0 1 14 1.81361 3
505 1 12 0 0 3 5 5 0 0 0 1 1 0 1 14 1.81361 3
506 1 12 0 0 3 5 5 0 0 0 1 1 0 1 14 1.81361 3
507 1 12 0 0 3 5 5 0 0 0 1 1 0 1 14 1.73205 4
508 1 7 1 0 3 5 5 0 0 0 1 1 0 1 14 1.71083 3
509 1 24 0 0 3 6 6 0 1 0 1 1 0 1 14 1.41421 3
